function bot = mypuma560(dh)

% DH table of puma560
L1=Link([dh(1,:) 0],'standard');
L2=Link([dh(2,:) 0],'standard');
L3=Link([dh(3,:) 0],'standard');
L4=Link([dh(4,:) 0],'standard');
L5=Link([dh(5,:) 0],'standard');
L6=Link([dh(6,:) 0],'standard');

L1.m=0;    L1.r=[0 0 0];                 L1.I = [ 0 0.35 0 0 0 0];
L2.m=17.4; L2.r = [ -.3638 .006 .2275];  L2.I = [ .13 .524 .539 0 0 0];
L3.m=4.8;  L3.r = [ -.0203 -.0141 .070]; L3.I = [ .066 .086 .0125 0 0 0];
L4.m=0.82; L4.r = [ 0 .019 0];           L4.I = [ 1.8e-3 1.3e-3 1.8e-3 0 0 0];
L5.m=0.34; L5.r = [ 0 0 0];              L5.I = [ .3e-3 .4e-3 .3e-3 0 0 0];
L6.m=0.09; L6.r = [ 0 0 .032];           L6.I = [ .15e-3 .15e-3 .04e-3 0 0 0];

L1.Jm = 200e-6;   L1.G = -62.6111;   L1.B = 1.48e-3;  L1.Tc = [ .395 -.435];
L2.Jm = 200e-6;   L2.G = 107.815;    L2.B = .817e-3;  L2.Tc = [ .126 -.071];
L3.Jm = 200e-6;   L3.G = -53.7063;   L3.B = 1.38e-3;  L3.Tc = [ .132 -.105];
L4.Jm = 33e-6;    L4.G = 76.0364;    L4.B = 71.2e-6;  L4.Tc = [ 11.2e-3 -16.9e-3];
L5.Jm = 33e-6;    L5.G = 71.923;     L5.B = 82.6e-6;  L5.Tc = [ 9.26e-3 -14.5e-3];
L6.Jm = 33e-6;    L6.G = 76.686;     L6.B = 36.7e-6;  L6.Tc = [ 3.96e-3 -10.5e-3];

bot = SerialLink([L1 L2 L3 L4 L5 L6]);

end